%YAML:1.0
---
mtx: !!opencv-matrix
   rows: 3
   cols: 3
   dt: d
   data: [ 6.4286972706992481e+02, 0., 6.2206969705878657e+02, 0.,
       6.2103479299865353e+02, 3.7141647991365517e+02, 0., 0., 1. ]
dist: !!opencv-matrix
   rows: 1
   cols: 5
   dt: d
   data: [ 5.0230828005793406e-02, -9.7746997505686606e-02,
       -2.6041783526695801e-03, -2.3043191151993500e-03,
       7.8743585079101883e-02 ]
ret: 8.1720537207298038e-01
